Ι. - MENOLUGlA ET MENOLUGIORUM FRAGMENTA

ου’-ψ’-

SEPTEMBER

136, 570, 760, 774, 1454, 14681479, 1489, 1497, 1506, 15141571, 1573, 1576, 1551, Δ
1555, 1558, 1607110151. 306, sum. 740.

OCTOBER
774,947, 1454, 14681480, 14841485, 1486, 1494, 1495, 15011, 1563,1517,1514.
1523, 1540, 1543, 15461551, 1555155800151. 110, 171, 145, 304, 306.

NOVEMBER
579, 580, 635, 693, 774, 1070, 1454, 1456, 14631468, 1481, 1487, 1483, 14851487,
1497, 1499, 1513, 1519, 1577, 1575, 15301533, 1539, 1541, 1544, 1545, 1549, 1551,
1557, 1554, οοιει. 105171, 146.
DECEMBER
683, 971, 1179, 1195,1458,1461, 1467, 1463146614691490, 1491, 1496, 1498,
1501,1507, 1509, 1511, 1518, 1531, 1535, 1544. 15501553, 1559, com. 105, 171, 147,

148, 306, sum 563.
IANUARIUS

513,1179,1448, 1449, 1455, 1456, 1457, 14601464. 1465, 1467, 1471,1477,1473,
14931507, 1508, 1570, 1536, 1557, co1sL. 105. 307, 86145383.

FEBRUARIUS
1450, 1451, 1457, 1500, 1505, 1579, 1595110131. 105, 304, 307.

MARTIUS
570,1476,1500, 1505, 1579, 1534, 1551, 1604,(10181. 171, 785, 307.

APRILIS
1500, 1505, 15791534, 1551,1595, 1604, com.. 171, 307.

MAIUS
1453, 1470, 1534, οοιει. 171, 785, 307.

717Ν4178
1453, 1470, 1474, 1488, 1516, 1577, 1578, 1548, οοιει. 171, 307.

IULIUS
1177, 1447, 1453, 14701474. 1475, 1516,1577,1578, 1548, 1604, com. 171, 307,

sum. 916.
AUGUSTUS

548, 1177, 1447, 14531470, 1474, 1475, 1504, 1516, 1577, 1573, 1548, οοιει. 171, 307,
85145741.

 

