Olim Nunc
9017Μ 1484
9018 1599
90181 1489
9019 1559
90193 1487
1595
909θῖ 580
1549
1407
1090
1530
1545
693
579
1483
1509
1498
1535
1466

991

11111914 11.

Olim Nune
99668 993
99881 509
99991 136
9301 539
9308 594
93151 593
9317 1549
93491 ,808
1181

771

776

'· 816

760

1199

770

“ 1183

1190

1477

996

881

1939

1948

Olim· Nunc
9453 1558
9454 1517
94548 1501
9455 1196
9450 1513
94561 1509

601
9458 1547
9458* 1537
9459 1555
9459ὅ 1538

1539
9460 774
9401 1595
9481

,ww

9754
9869

93838

 

