9999999 99. 343

Olim Nune Olim Nunc Olim Nunc

· 1171 1577 999 9999 999
9999 9999 999 9999 999
9 9999 999 9999 9999
999 9999 1511 9999 9999
1510 1801 9999 9999 999

· 185 1081 1501 1150 999
1500 9999 1510 1157 1017
570 1038 1501 1151 1000'
088 9999 9999 1501 9999-
9999 9999 999 1580 1011
1187 9999 9999 1080 1005 '
1588 1580 1585 1701 070

1480 9540 489 4719 1611
914 9547 1090 4743 9090

881 9588 1456 4767 1917

1535 1545 4768 1313

1489 1490 4779 1018

1496 1551 5041 1586

1479 ’ 1539 5108 1190

1514 1174 5110 986

816 757 5111 981

847 1199 1497 5139 1509
1538 1484 5171 769

854 1550 1537 5997 1771
868 1515 1481 5343 1380
879 1189 1583 6049 1154
876 1487 1549 6067 401
958 991 . 1501 6948 1631
977 1453 ” 1459 6949 395
1080 1553 784 6399 1147
1081 1503 509 6519 1155
1511 1476 3066 136 6638 390

Constantis monasterium in monte Atho, 99999.. 985.
Cryptoferratense monasten'um‚ 99999106.

De 19911999, Ρ1911119991999 (9 1687), 1034.
S. Dionysii monasterium, 933.

0991999999, 119959917691991611661), 891, 953, 1613, 9500, 9699.
Duperron, 1.·D., cardinalis (9 1618), 99999. 773.

τῆς Ἐγκλείοτρας, monasterium in Cypro, 1461,1470,1476, 1499, Comi„ 71, 105.
Esphigmeni monasterium in monte 41199, Com„ 110.

 

