’ 1991111 9.· 317

Olim Nunc Olim Nunc Glim Nune
9991 9199 99911 1999 9111 1199
9999 1113 1910 911 9110 9999
9911 999 9999 1991 99991 1090
19112 999 9001 1011 9999 9919
9999 1999 3001 1013 9199 999
99991 1919 30031 1999 91191 999
9999 919 99991 1031 91991 999
1991 1101 30031 1919 9199 1999
999111 191 9991 1919 9199 9991.
999111 1919 9999 311 ’

1991⁴ 1011 9999111 1111

11199111, 1119911199, cardinalis 1115501111 eius bibliotheca (de que lege 11911919,
0911991199 1999999νί19, 1,109; 891999999181111, 311), sequentes codices
excussimus : 510, 539, 600, 771, 176, 891, 897, 910, 1081, 1193, 1195, 1118, 1110
1151, 1158, 1509, 15181518, 1551, 1105, 1108.

S. 8919919119 99919919, 1517,
89119119991999911 1711), de quo 911. 11911919, 09111191 des 1999999119, 1, 380, ex

oriente attulit plurimos codices, quorum sequentes supra excussi sunt: 510,
511, 789, 976, 11111, 1178, 1188, 11131191, 1519,1510,1607‚

’11191191 119 119999. 1111119119999.
(1911199, lacobus Augustus, 933.
(1919919911919, Antonius, ordinis 11199199, 539.

 

